3.020000E-01
3.020000E-01
3.020000E-01
3.020000E-01
3.020000E-01
3.020000E-01
3.020000E-01
3.020000E-01
3.020000E-01
3.020000E-01
3.020000E-01
3.020000E-01
3.020000E-01
3.020000E-01
3.020000E-01
3.020000E-01
3.020000E-01
3.020000E-01
3.020000E-01
3.020000E-01
3.020000E-01
3.020000E-01
3.020000E-01
3.020000E-01
3.020000E-01
3.020000E-01
3.020000E-01
3.020000E-01
3.020000E-01
3.020000E-01
3.020000E-01
3.020000E-01
3.020000E-01
3.020000E-01
3.020000E-01
3.020000E-01
3.020000E-01
3.020000E-01
3.020000E-01
3.020000E-01
3.020000E-01
3.020000E-01
3.020000E-01
3.020000E-01
3.020000E-01
3.020000E-01
3.020000E-01
3.020000E-01
3.020000E-01
3.020000E-01
3.020000E-01
3.020000E-01
3.020000E-01
3.020000E-01
3.020000E-01
3.020000E-01
3.020000E-01
3.020000E-01
3.020000E-01
3.020000E-01
3.020000E-01
3.020000E-01
3.020000E-01
3.020000E-01
3.020000E-01
3.020000E-01
3.020000E-01
3.020000E-01
3.020000E-01
3.020000E-01
3.020000E-01
3.020000E-01
3.020000E-01
3.020000E-01
3.020000E-01
3.020000E-01
3.020000E-01
3.020000E-01
3.020000E-01
3.020000E-01
3.020000E-01
3.020000E-01
3.020000E-01
3.020000E-01
3.020000E-01
3.020000E-01
3.020000E-01
3.020000E-01
3.020000E-01
3.020000E-01
3.020000E-01
3.020000E-01
3.020000E-01
3.020000E-01
3.020000E-01
3.000000E-01
3.020000E-01
2.920000E-01
2.780000E-01
2.860000E-01
2.920000E-01
2.840000E-01
2.800000E-01
2.720000E-01
2.720000E-01
2.660000E-01
2.560000E-01
2.700000E-01
2.680000E-01
2.660000E-01
2.520000E-01
2.460000E-01
2.460000E-01
2.440000E-01
2.480000E-01
2.500000E-01
2.460000E-01
2.440000E-01
2.380000E-01
2.300000E-01
2.280000E-01
2.340000E-01
2.340000E-01
2.300000E-01
2.280000E-01
2.180000E-01
2.140000E-01
2.200000E-01
2.200000E-01
2.160000E-01
2.160000E-01
2.140000E-01
2.080000E-01
2.020000E-01
2.140000E-01
2.100000E-01
2.100000E-01
2.000000E-01
1.980000E-01
1.980000E-01
2.040000E-01
2.000000E-01
1.940000E-01
1.920000E-01
1.860000E-01
1.840000E-01
1.900000E-01
1.940000E-01
1.880000E-01
1.780000E-01
1.720000E-01
1.800000E-01
1.840000E-01
1.780000E-01
1.740000E-01
1.740000E-01
1.660000E-01
1.720000E-01
1.780000E-01
1.760000E-01
1.660000E-01
1.640000E-01
1.640000E-01
1.720000E-01
1.660000E-01
1.620000E-01
1.580000E-01
1.580000E-01
1.600000E-01
1.620000E-01
1.580000E-01
1.560000E-01
1.520000E-01
1.540000E-01
1.580000E-01
1.560000E-01
1.540000E-01
1.500000E-01
1.500000E-01
1.540000E-01
1.520000E-01
1.480000E-01
1.460000E-01
1.460000E-01
1.480000E-01
1.480000E-01
1.440000E-01
1.420000E-01
1.440000E-01
1.460000E-01
1.420000E-01
1.380000E-01
1.380000E-01
1.420000E-01
1.420000E-01
1.400000E-01
1.360000E-01
1.360000E-01
1.400000E-01
1.380000E-01
1.340000E-01
1.320000E-01
1.360000E-01
1.360000E-01
1.340000E-01
1.300000E-01
1.320000E-01
1.340000E-01
1.320000E-01
1.280000E-01
1.280000E-01
1.320000E-01
1.300000E-01
1.380000E-01
1.360000E-01
1.380000E-01
1.360000E-01
1.360000E-01
1.340000E-01
1.340000E-01
1.340000E-01
1.320000E-01
1.300000E-01
1.320000E-01
1.320000E-01
1.300000E-01
1.260000E-01
1.300000E-01
1.280000E-01
1.280000E-01
1.260000E-01
1.280000E-01
1.280000E-01
1.260000E-01
1.240000E-01
1.280000E-01
1.240000E-01
1.240000E-01
1.220000E-01
1.240000E-01
1.220000E-01
1.200000E-01
1.220000E-01
1.200000E-01
1.200000E-01
1.200000E-01
1.200000E-01
1.200000E-01
1.180000E-01
1.180000E-01
1.180000E-01
1.160000E-01
1.140000E-01
1.180000E-01
1.160000E-01
1.140000E-01
1.220000E-01
1.220000E-01
1.200000E-01
1.200000E-01
1.220000E-01
1.200000E-01
1.180000E-01
1.200000E-01
1.180000E-01
1.160000E-01
1.180000E-01
1.180000E-01
1.160000E-01
1.160000E-01
1.160000E-01
1.140000E-01
1.140000E-01
1.160000E-01
1.140000E-01
1.120000E-01
1.120000E-01
1.120000E-01
1.100000E-01
1.120000E-01
1.100000E-01
1.100000E-01
1.100000E-01
1.100000E-01
1.080000E-01
1.100000E-01
1.080000E-01
1.080000E-01
1.080000E-01
1.060000E-01
1.060000E-01
1.080000E-01
1.060000E-01
1.060000E-01
1.060000E-01
1.040000E-01
1.120000E-01
1.100000E-01
1.080000E-01
1.080000E-01
1.080000E-01
1.080000E-01
1.080000E-01
1.060000E-01
1.080000E-01
1.060000E-01
1.060000E-01
1.060000E-01
1.060000E-01
1.040000E-01
1.040000E-01
1.040000E-01
1.040000E-01
1.040000E-01
1.020000E-01
1.020000E-01
1.020000E-01
1.020000E-01
1.020000E-01
1.000000E-01
1.000000E-01
1.000000E-01
1.000000E-01
1.000000E-01
1.000000E-01
1.000000E-01
9.800000E-02
1.000000E-01
9.800000E-02
9.800000E-02
9.600000E-02
9.800000E-02
9.800000E-02
9.600000E-02
1.020000E-01
1.000000E-01
1.020000E-01
1.000000E-01
1.000000E-01
1.000000E-01
9.800000E-02
1.000000E-01
9.800000E-02
9.800000E-02
9.800000E-02
9.800000E-02
9.600000E-02
9.800000E-02
9.600000E-02
9.600000E-02
9.600000E-02
9.600000E-02
9.600000E-02
9.600000E-02
9.400000E-02
9.400000E-02
9.400000E-02
9.400000E-02
9.400000E-02
9.400000E-02
9.200000E-02
9.200000E-02
9.200000E-02
9.200000E-02
9.000000E-02
9.000000E-02
9.000000E-02
9.000000E-02
9.000000E-02
9.000000E-02
9.400000E-02
9.400000E-02
9.400000E-02
9.400000E-02
9.200000E-02
9.200000E-02
9.200000E-02
9.200000E-02
9.200000E-02
9.000000E-02
9.000000E-02
9.000000E-02
9.000000E-02
9.000000E-02
9.000000E-02
9.000000E-02
9.000000E-02
9.000000E-02
8.800000E-02
8.800000E-02
8.800000E-02
8.800000E-02
8.800000E-02
8.600000E-02
8.800000E-02
8.600000E-02
8.600000E-02
8.600000E-02
8.600000E-02
8.600000E-02
8.400000E-02
8.400000E-02
8.400000E-02
8.400000E-02
8.800000E-02
8.800000E-02
8.800000E-02
8.800000E-02
8.800000E-02
8.600000E-02
8.600000E-02
8.600000E-02
8.600000E-02
8.600000E-02
8.400000E-02
8.400000E-02
8.400000E-02
8.400000E-02
8.400000E-02
8.400000E-02
8.400000E-02
8.400000E-02
8.400000E-02
8.400000E-02
8.200000E-02
8.200000E-02
8.200000E-02
8.200000E-02
8.200000E-02
8.200000E-02
8.000000E-02
8.000000E-02
8.000000E-02
8.000000E-02
8.000000E-02
8.000000E-02
8.000000E-02
8.200000E-02
8.200000E-02
8.200000E-02
8.200000E-02
8.200000E-02
8.200000E-02
8.000000E-02
8.000000E-02
8.000000E-02
8.000000E-02
8.000000E-02
8.000000E-02
8.000000E-02
8.000000E-02
8.000000E-02
7.800000E-02
7.800000E-02
7.800000E-02
7.800000E-02
7.800000E-02
7.800000E-02
7.800000E-02
7.800000E-02
7.800000E-02
7.600000E-02
7.600000E-02
7.600000E-02
7.600000E-02
7.600000E-02
7.600000E-02
7.600000E-02
7.800000E-02
7.800000E-02
7.800000E-02
7.800000E-02
7.800000E-02
7.800000E-02
7.600000E-02
7.600000E-02
7.600000E-02
7.600000E-02
7.600000E-02
7.600000E-02
7.600000E-02
7.600000E-02
7.400000E-02
7.400000E-02
7.400000E-02
7.400000E-02
7.400000E-02
7.400000E-02
7.400000E-02
7.400000E-02
7.400000E-02
7.400000E-02
7.200000E-02
7.200000E-02
7.200000E-02
7.200000E-02
7.200000E-02
7.400000E-02
7.400000E-02
7.400000E-02
7.400000E-02
7.400000E-02
7.400000E-02
7.400000E-02
7.200000E-02
7.200000E-02
7.200000E-02
7.200000E-02
7.200000E-02
7.200000E-02
7.200000E-02
7.200000E-02
7.200000E-02
7.000000E-02
7.000000E-02
7.000000E-02
7.000000E-02
7.000000E-02
7.000000E-02
7.000000E-02
7.000000E-02
7.000000E-02
6.800000E-02
6.800000E-02
6.800000E-02
7.200000E-02
7.200000E-02
7.000000E-02
7.000000E-02
7.000000E-02
7.000000E-02
7.000000E-02
7.000000E-02
7.000000E-02
7.000000E-02
6.800000E-02
6.800000E-02
6.800000E-02
6.800000E-02
6.800000E-02
6.800000E-02
6.800000E-02
6.800000E-02
6.800000E-02
6.600000E-02
6.600000E-02
6.600000E-02
6.600000E-02
6.600000E-02
6.600000E-02
6.600000E-02
6.600000E-02
6.800000E-02
6.800000E-02
6.800000E-02
6.800000E-02
6.800000E-02
6.600000E-02
6.600000E-02
6.600000E-02
6.600000E-02
6.600000E-02
6.600000E-02
6.600000E-02
6.600000E-02
6.600000E-02
6.600000E-02
6.400000E-02
6.400000E-02
6.400000E-02
6.400000E-02
6.400000E-02
6.400000E-02
6.400000E-02
6.400000E-02
6.400000E-02
6.400000E-02
6.600000E-02
6.400000E-02
6.400000E-02
6.400000E-02
6.400000E-02
6.400000E-02
6.400000E-02
6.400000E-02
6.400000E-02
6.400000E-02
6.400000E-02
6.400000E-02
6.200000E-02
6.200000E-02
6.200000E-02
6.200000E-02
6.200000E-02
6.200000E-02
6.200000E-02
6.200000E-02
6.200000E-02
6.200000E-02
6.000000E-02
6.200000E-02
6.200000E-02
6.400000E-02
6.400000E-02
6.400000E-02
6.400000E-02
6.400000E-02
6.400000E-02
6.400000E-02
6.400000E-02
6.400000E-02
6.400000E-02
6.400000E-02
6.400000E-02
6.400000E-02
6.400000E-02
6.400000E-02
6.400000E-02
6.400000E-02
6.400000E-02
6.400000E-02
6.400000E-02
6.400000E-02
6.400000E-02
6.400000E-02
6.600000E-02
6.600000E-02
6.600000E-02
6.600000E-02
6.600000E-02
6.600000E-02
6.600000E-02
6.600000E-02
6.600000E-02
6.600000E-02
6.600000E-02
6.600000E-02
6.600000E-02
6.600000E-02
6.600000E-02
6.600000E-02
6.600000E-02
6.600000E-02
6.600000E-02
6.600000E-02
6.600000E-02
6.600000E-02
6.800000E-02
6.800000E-02
6.800000E-02
6.800000E-02
6.800000E-02
6.800000E-02
6.800000E-02
6.800000E-02
6.800000E-02
6.800000E-02
6.800000E-02
6.800000E-02
6.800000E-02
6.800000E-02
6.800000E-02
6.800000E-02
6.800000E-02
6.800000E-02
6.800000E-02
6.800000E-02
6.800000E-02
7.000000E-02
7.000000E-02
7.000000E-02
7.000000E-02
7.000000E-02
7.000000E-02
7.000000E-02
7.000000E-02
7.000000E-02
7.000000E-02
7.000000E-02
7.000000E-02
7.000000E-02
7.000000E-02
7.000000E-02
7.000000E-02
7.000000E-02
7.000000E-02
7.000000E-02
7.200000E-02
7.200000E-02
7.200000E-02
7.200000E-02
7.200000E-02
7.200000E-02
7.200000E-02
7.200000E-02
7.200000E-02
7.200000E-02
7.200000E-02
7.200000E-02
7.200000E-02
7.200000E-02
7.200000E-02
7.200000E-02
7.200000E-02
7.200000E-02
7.200000E-02
7.400000E-02
7.400000E-02
7.400000E-02
7.400000E-02
7.400000E-02
7.400000E-02
7.400000E-02
7.400000E-02
7.400000E-02
7.400000E-02
7.400000E-02
7.400000E-02
7.400000E-02
7.400000E-02
7.400000E-02
7.400000E-02
7.400000E-02
7.400000E-02
7.600000E-02
7.600000E-02
7.600000E-02
7.600000E-02
7.600000E-02
7.600000E-02
7.600000E-02
7.600000E-02
7.600000E-02
7.600000E-02
7.600000E-02
7.600000E-02
7.600000E-02
7.600000E-02
7.600000E-02
7.600000E-02
7.600000E-02
7.800000E-02
7.800000E-02
7.800000E-02
7.800000E-02
7.800000E-02
7.800000E-02
7.800000E-02
7.800000E-02
7.800000E-02
7.800000E-02
7.800000E-02
7.800000E-02
7.800000E-02
7.800000E-02
7.800000E-02
7.800000E-02
7.800000E-02
8.000000E-02
8.000000E-02
8.000000E-02
8.000000E-02
8.000000E-02
8.000000E-02
8.000000E-02
8.000000E-02
8.000000E-02
8.000000E-02
8.000000E-02
8.000000E-02
8.000000E-02
8.000000E-02
8.000000E-02
8.200000E-02
8.200000E-02
8.200000E-02
8.200000E-02
8.200000E-02
8.200000E-02
8.200000E-02
8.200000E-02
8.200000E-02
8.200000E-02
8.200000E-02
8.200000E-02
8.200000E-02
8.200000E-02
8.400000E-02
8.400000E-02
8.400000E-02
8.400000E-02
8.400000E-02
8.400000E-02
8.400000E-02
8.400000E-02
8.400000E-02
8.400000E-02
8.400000E-02
8.400000E-02
8.400000E-02
8.400000E-02
8.600000E-02
8.600000E-02
8.600000E-02
8.600000E-02
8.600000E-02
8.600000E-02
8.600000E-02
8.600000E-02
8.600000E-02
8.600000E-02
8.600000E-02
8.600000E-02
8.600000E-02
8.800000E-02
8.800000E-02
8.800000E-02
8.800000E-02
8.800000E-02
8.800000E-02
8.800000E-02
8.800000E-02
8.800000E-02
8.800000E-02
8.800000E-02
8.800000E-02
8.800000E-02
9.000000E-02
9.000000E-02
9.000000E-02
9.000000E-02
9.000000E-02
9.000000E-02
9.000000E-02
9.000000E-02
9.000000E-02
9.000000E-02
9.000000E-02
9.200000E-02
9.200000E-02
9.200000E-02
9.200000E-02
9.200000E-02
9.200000E-02
9.200000E-02
9.200000E-02
9.200000E-02
9.200000E-02
9.200000E-02
9.400000E-02
9.400000E-02
9.400000E-02
9.400000E-02
9.400000E-02
9.400000E-02
9.400000E-02
9.400000E-02
9.400000E-02
9.400000E-02
9.400000E-02
9.600000E-02
9.600000E-02
9.600000E-02
9.600000E-02
9.600000E-02
9.600000E-02
9.600000E-02
9.600000E-02
9.600000E-02
9.800000E-02
9.800000E-02
9.800000E-02
9.800000E-02
9.800000E-02
9.800000E-02
9.800000E-02
9.800000E-02
9.800000E-02
9.800000E-02
1.000000E-01
1.000000E-01
1.000000E-01
1.000000E-01
1.000000E-01
1.000000E-01
1.000000E-01
1.000000E-01
1.020000E-01
1.020000E-01
1.020000E-01
1.020000E-01
1.020000E-01
1.020000E-01
1.020000E-01
1.020000E-01
1.020000E-01
1.040000E-01
1.040000E-01
1.040000E-01
1.040000E-01
1.040000E-01
1.040000E-01
1.040000E-01
1.060000E-01
1.060000E-01
1.060000E-01
1.060000E-01
1.060000E-01
1.060000E-01
1.060000E-01
1.080000E-01
1.080000E-01
1.080000E-01
1.080000E-01
1.080000E-01
1.080000E-01
1.080000E-01
1.100000E-01
1.100000E-01
1.100000E-01
1.100000E-01
1.100000E-01
1.100000E-01
1.100000E-01
1.120000E-01
1.120000E-01
1.120000E-01
1.120000E-01
1.120000E-01
1.120000E-01
1.140000E-01
1.140000E-01
1.140000E-01
1.140000E-01
1.140000E-01
1.160000E-01
1.160000E-01
1.160000E-01
1.160000E-01
1.160000E-01
1.160000E-01
1.180000E-01
1.180000E-01
1.180000E-01
1.180000E-01
1.180000E-01
1.200000E-01
1.200000E-01
1.200000E-01
1.200000E-01
1.200000E-01
1.220000E-01
1.220000E-01
1.220000E-01
1.220000E-01
1.240000E-01
1.240000E-01
1.240000E-01
1.240000E-01
1.260000E-01
1.260000E-01
1.260000E-01
1.260000E-01
1.280000E-01
1.280000E-01
1.280000E-01
1.280000E-01
1.300000E-01
1.300000E-01
1.300000E-01
1.320000E-01
1.320000E-01
1.320000E-01
1.320000E-01
1.340000E-01
1.340000E-01
1.340000E-01
1.360000E-01
1.360000E-01
1.360000E-01
1.380000E-01
1.380000E-01
1.400000E-01
1.400000E-01
1.400000E-01
1.420000E-01
1.420000E-01
1.440000E-01
1.440000E-01
1.440000E-01
1.460000E-01
1.460000E-01
1.480000E-01
1.480000E-01
1.500000E-01
1.500000E-01
1.520000E-01
1.540000E-01
1.540000E-01
1.560000E-01
1.560000E-01
