3.020000E-01
3.020000E-01
3.020000E-01
3.020000E-01
3.020000E-01
3.020000E-01
3.020000E-01
3.020000E-01
3.020000E-01
3.020000E-01
3.020000E-01
3.020000E-01
3.020000E-01
3.020000E-01
3.020000E-01
3.020000E-01
3.020000E-01
3.020000E-01
3.020000E-01
3.020000E-01
3.020000E-01
3.020000E-01
3.020000E-01
3.020000E-01
3.020000E-01
3.020000E-01
3.020000E-01
3.020000E-01
3.020000E-01
3.020000E-01
3.020000E-01
3.020000E-01
3.020000E-01
3.020000E-01
3.020000E-01
3.020000E-01
3.020000E-01
3.020000E-01
3.020000E-01
3.020000E-01
3.020000E-01
3.020000E-01
3.020000E-01
3.020000E-01
3.020000E-01
3.020000E-01
3.020000E-01
3.020000E-01
3.020000E-01
3.020000E-01
3.020000E-01
3.020000E-01
3.020000E-01
3.020000E-01
3.020000E-01
3.020000E-01
3.020000E-01
3.020000E-01
3.020000E-01
3.020000E-01
3.020000E-01
3.020000E-01
3.020000E-01
3.020000E-01
3.020000E-01
3.020000E-01
3.020000E-01
3.020000E-01
3.020000E-01
3.020000E-01
3.020000E-01
3.020000E-01
3.020000E-01
3.020000E-01
3.020000E-01
3.020000E-01
3.020000E-01
3.020000E-01
3.020000E-01
3.020000E-01
3.020000E-01
3.020000E-01
3.020000E-01
3.020000E-01
3.020000E-01
3.020000E-01
3.020000E-01
3.020000E-01
3.020000E-01
3.020000E-01
3.020000E-01
3.020000E-01
3.020000E-01
3.020000E-01
3.020000E-01
3.020000E-01
3.020000E-01
3.020000E-01
3.020000E-01
3.020000E-01
3.020000E-01
3.020000E-01
3.020000E-01
3.020000E-01
3.020000E-01
3.020000E-01
3.020000E-01
3.020000E-01
3.020000E-01
3.020000E-01
3.020000E-01
3.020000E-01
3.020000E-01
3.020000E-01
3.020000E-01
3.020000E-01
3.020000E-01
3.020000E-01
3.020000E-01
3.020000E-01
3.020000E-01
3.020000E-01
3.020000E-01
3.020000E-01
3.020000E-01
3.020000E-01
3.020000E-01
3.020000E-01
3.020000E-01
3.020000E-01
3.020000E-01
3.020000E-01
3.020000E-01
3.020000E-01
3.020000E-01
3.020000E-01
3.020000E-01
3.020000E-01
3.020000E-01
3.020000E-01
3.020000E-01
3.020000E-01
3.020000E-01
3.020000E-01
3.020000E-01
3.020000E-01
3.020000E-01
3.020000E-01
3.020000E-01
3.020000E-01
3.020000E-01
3.020000E-01
3.020000E-01
3.020000E-01
3.020000E-01
3.020000E-01
3.020000E-01
3.020000E-01
3.020000E-01
3.020000E-01
3.020000E-01
3.020000E-01
3.020000E-01
3.020000E-01
3.020000E-01
3.020000E-01
3.020000E-01
3.020000E-01
3.020000E-01
3.020000E-01
3.020000E-01
3.020000E-01
3.020000E-01
3.020000E-01
3.020000E-01
3.020000E-01
3.020000E-01
3.020000E-01
3.020000E-01
3.020000E-01
3.020000E-01
3.020000E-01
3.020000E-01
3.020000E-01
3.020000E-01
3.020000E-01
3.020000E-01
3.020000E-01
3.020000E-01
3.020000E-01
3.020000E-01
3.020000E-01
3.020000E-01
3.020000E-01
3.020000E-01
3.020000E-01
3.020000E-01
3.020000E-01
3.020000E-01
3.020000E-01
3.020000E-01
3.020000E-01
3.020000E-01
3.020000E-01
3.020000E-01
3.020000E-01
3.020000E-01
3.020000E-01
3.020000E-01
3.020000E-01
2.990000E-01
3.020000E-01
3.020000E-01
3.020000E-01
3.020000E-01
3.020000E-01
3.020000E-01
3.020000E-01
3.020000E-01
3.020000E-01
2.990000E-01
2.980000E-01
2.870000E-01
3.020000E-01
3.020000E-01
3.020000E-01
2.900000E-01
3.020000E-01
2.990000E-01
2.970000E-01
2.860000E-01
2.940000E-01
2.960000E-01
2.800000E-01
2.770000E-01
2.890000E-01
2.740000E-01
2.760000E-01
2.710000E-01
2.800000E-01
2.660000E-01
2.620000E-01
2.640000E-01
2.590000E-01
2.760000E-01
2.710000E-01
2.700000E-01
2.680000E-01
2.620000E-01
2.650000E-01
2.570000E-01
2.630000E-01
2.510000E-01
2.620000E-01
2.550000E-01
2.490000E-01
2.490000E-01
2.490000E-01
2.420000E-01
2.420000E-01
2.470000E-01
2.420000E-01
2.340000E-01
2.390000E-01
2.370000E-01
2.390000E-01
2.450000E-01
2.440000E-01
2.350000E-01
2.360000E-01
2.360000E-01
2.310000E-01
2.310000E-01
2.320000E-01
2.300000E-01
2.230000E-01
2.220000E-01
2.200000E-01
2.160000E-01
2.240000E-01
2.180000E-01
2.140000E-01
2.160000E-01
2.090000E-01
2.070000E-01
2.260000E-01
2.160000E-01
2.140000E-01
2.150000E-01
2.120000E-01
2.100000E-01
2.140000E-01
2.060000E-01
2.060000E-01
2.050000E-01
1.990000E-01
2.030000E-01
1.970000E-01
1.970000E-01
1.930000E-01
1.940000E-01
1.920000E-01
1.940000E-01
1.870000E-01
1.950000E-01
1.960000E-01
1.920000E-01
1.930000E-01
1.900000E-01
1.860000E-01
1.910000E-01
1.880000E-01
1.860000E-01
1.810000E-01
1.790000E-01
1.810000E-01
1.800000E-01
1.780000E-01
1.750000E-01
1.750000E-01
1.740000E-01
1.730000E-01
1.730000E-01
1.760000E-01
1.770000E-01
1.760000E-01
1.720000E-01
1.760000E-01
1.710000E-01
1.720000E-01
1.680000E-01
1.700000E-01
1.680000E-01
1.650000E-01
1.680000E-01
1.620000E-01
1.640000E-01
1.620000E-01
1.620000E-01
1.590000E-01
1.590000E-01
1.600000E-01
1.630000E-01
1.640000E-01
1.600000E-01
1.630000E-01
1.600000E-01
1.610000E-01
1.590000E-01
1.570000E-01
1.570000E-01
1.570000E-01
1.540000E-01
1.540000E-01
1.530000E-01
1.510000E-01
1.510000E-01
1.500000E-01
1.500000E-01
1.490000E-01
1.520000E-01
1.500000E-01
1.510000E-01
1.490000E-01
1.500000E-01
1.490000E-01
1.490000E-01
1.480000E-01
1.470000E-01
1.460000E-01
1.450000E-01
1.440000E-01
1.430000E-01
1.440000E-01
1.400000E-01
1.400000E-01
1.400000E-01
1.440000E-01
1.430000E-01
1.410000E-01
1.420000E-01
1.400000E-01
1.410000E-01
1.380000E-01
1.390000E-01
1.370000E-01
1.380000E-01
1.380000E-01
1.350000E-01
1.360000E-01
1.340000E-01
1.350000E-01
1.330000E-01
1.320000E-01
1.330000E-01
1.350000E-01
1.340000E-01
1.340000E-01
1.320000E-01
1.320000E-01
1.320000E-01
1.320000E-01
1.300000E-01
1.300000E-01
1.300000E-01
1.300000E-01
1.290000E-01
1.290000E-01
1.270000E-01
1.270000E-01
1.260000E-01
1.280000E-01
1.280000E-01
1.280000E-01
1.260000E-01
1.250000E-01
1.260000E-01
1.250000E-01
1.250000E-01
1.250000E-01
1.240000E-01
1.230000E-01
1.230000E-01
1.220000E-01
1.220000E-01
1.210000E-01
1.200000E-01
1.200000E-01
1.220000E-01
1.220000E-01
1.210000E-01
1.200000E-01
1.200000E-01
1.190000E-01
1.190000E-01
1.180000E-01
1.190000E-01
1.170000E-01
1.180000E-01
1.160000E-01
1.170000E-01
1.160000E-01
1.150000E-01
1.170000E-01
1.170000E-01
1.170000E-01
1.170000E-01
1.160000E-01
1.150000E-01
1.140000E-01
1.130000E-01
1.130000E-01
1.130000E-01
1.120000E-01
1.110000E-01
1.110000E-01
1.120000E-01
1.110000E-01
1.110000E-01
1.130000E-01
1.120000E-01
1.120000E-01
1.110000E-01
1.100000E-01
1.100000E-01
1.090000E-01
1.090000E-01
1.080000E-01
1.080000E-01
1.070000E-01
1.070000E-01
1.070000E-01
1.060000E-01
1.060000E-01
1.080000E-01
1.070000E-01
1.070000E-01
1.070000E-01
1.060000E-01
1.050000E-01
1.050000E-01
1.050000E-01
1.040000E-01
1.040000E-01
1.040000E-01
1.030000E-01
1.030000E-01
1.020000E-01
1.020000E-01
1.040000E-01
1.030000E-01
1.030000E-01
1.020000E-01
1.010000E-01
1.010000E-01
1.010000E-01
1.010000E-01
1.010000E-01
1.000000E-01
1.000000E-01
9.900000E-02
9.900000E-02
9.800000E-02
1.000000E-01
1.000000E-01
9.900000E-02
9.900000E-02
9.800000E-02
9.800000E-02
9.800000E-02
9.800000E-02
9.700000E-02
9.700000E-02
9.600000E-02
9.600000E-02
9.500000E-02
9.500000E-02
9.600000E-02
9.600000E-02
9.500000E-02
9.500000E-02
9.500000E-02
9.500000E-02
9.500000E-02
9.400000E-02
9.400000E-02
9.400000E-02
9.300000E-02
9.300000E-02
9.200000E-02
9.200000E-02
9.300000E-02
9.300000E-02
9.200000E-02
9.200000E-02
9.200000E-02
9.200000E-02
9.100000E-02
9.100000E-02
9.100000E-02
9.000000E-02
9.000000E-02
9.000000E-02
8.900000E-02
9.000000E-02
9.000000E-02
9.000000E-02
8.900000E-02
8.900000E-02
8.800000E-02
8.800000E-02
8.800000E-02
8.800000E-02
8.700000E-02
8.700000E-02
8.700000E-02
8.600000E-02
8.800000E-02
8.800000E-02
8.700000E-02
8.700000E-02
8.600000E-02
8.600000E-02
8.500000E-02
8.500000E-02
8.500000E-02
8.500000E-02
8.500000E-02
8.400000E-02
8.400000E-02
8.500000E-02
8.500000E-02
8.400000E-02
8.400000E-02
8.400000E-02
8.300000E-02
8.300000E-02
8.300000E-02
8.200000E-02
8.200000E-02
8.200000E-02
8.100000E-02
8.300000E-02
8.200000E-02
8.200000E-02
8.200000E-02
8.100000E-02
8.100000E-02
8.100000E-02
8.100000E-02
8.000000E-02
8.000000E-02
8.000000E-02
7.900000E-02
7.900000E-02
8.000000E-02
8.000000E-02
7.900000E-02
7.900000E-02
7.900000E-02
7.900000E-02
7.900000E-02
7.900000E-02
7.900000E-02
7.900000E-02
7.900000E-02
8.000000E-02
8.000000E-02
8.000000E-02
8.000000E-02
8.000000E-02
8.000000E-02
8.000000E-02
8.000000E-02
8.000000E-02
8.100000E-02
8.000000E-02
8.000000E-02
8.200000E-02
8.200000E-02
8.100000E-02
8.200000E-02
8.200000E-02
8.200000E-02
8.200000E-02
8.200000E-02
8.200000E-02
8.200000E-02
8.100000E-02
8.300000E-02
8.300000E-02
8.300000E-02
8.300000E-02
8.300000E-02
8.300000E-02
8.300000E-02
8.300000E-02
8.300000E-02
8.300000E-02
8.300000E-02
8.400000E-02
8.400000E-02
8.400000E-02
8.500000E-02
8.400000E-02
8.500000E-02
8.400000E-02
8.400000E-02
8.400000E-02
8.400000E-02
8.500000E-02
8.500000E-02
8.600000E-02
8.500000E-02
8.600000E-02
8.600000E-02
8.600000E-02
8.600000E-02
8.600000E-02
8.600000E-02
8.600000E-02
8.700000E-02
8.700000E-02
8.700000E-02
8.700000E-02
8.700000E-02
8.700000E-02
8.700000E-02
8.700000E-02
8.700000E-02
8.700000E-02
8.700000E-02
8.900000E-02
8.800000E-02
8.900000E-02
8.900000E-02
8.800000E-02
8.800000E-02
8.900000E-02
8.800000E-02
8.900000E-02
8.900000E-02
9.000000E-02
9.100000E-02
9.000000E-02
9.000000E-02
9.000000E-02
9.000000E-02
9.000000E-02
9.000000E-02
9.000000E-02
9.200000E-02
9.200000E-02
9.100000E-02
9.100000E-02
9.200000E-02
9.100000E-02
9.200000E-02
9.200000E-02
9.100000E-02
9.100000E-02
9.300000E-02
9.200000E-02
9.300000E-02
9.300000E-02
9.200000E-02
9.300000E-02
9.300000E-02
9.200000E-02
9.300000E-02
9.500000E-02
9.400000E-02
9.400000E-02
9.500000E-02
9.400000E-02
9.400000E-02
9.500000E-02
9.400000E-02
9.400000E-02
9.600000E-02
9.600000E-02
9.500000E-02
9.600000E-02
9.600000E-02
9.600000E-02
9.500000E-02
9.700000E-02
9.600000E-02
9.700000E-02
9.800000E-02
9.800000E-02
9.700000E-02
9.700000E-02
9.800000E-02
9.700000E-02
9.700000E-02
9.900000E-02
9.900000E-02
9.800000E-02
9.800000E-02
9.900000E-02
9.900000E-02
9.800000E-02
9.900000E-02
9.900000E-02
1.000000E-01
9.900000E-02
1.000000E-01
1.010000E-01
1.000000E-01
9.900000E-02
1.000000E-01
1.010000E-01
1.010000E-01
1.010000E-01
1.020000E-01
1.020000E-01
1.010000E-01
1.010000E-01
1.020000E-01
1.030000E-01
1.030000E-01
1.020000E-01
1.030000E-01
1.040000E-01
1.030000E-01
1.020000E-01
1.030000E-01
1.060000E-01
1.050000E-01
1.040000E-01
1.040000E-01
1.060000E-01
1.050000E-01
1.040000E-01
1.040000E-01
1.070000E-01
1.070000E-01
1.060000E-01
1.050000E-01
1.060000E-01
1.070000E-01
1.060000E-01
1.070000E-01
1.070000E-01
1.080000E-01
1.080000E-01
1.070000E-01
1.070000E-01
1.080000E-01
1.110000E-01
1.090000E-01
1.080000E-01
1.080000E-01
1.090000E-01
1.100000E-01
1.090000E-01
1.100000E-01
1.090000E-01
1.120000E-01
1.120000E-01
1.110000E-01
1.100000E-01
1.100000E-01
1.130000E-01
1.130000E-01
1.120000E-01
1.110000E-01
1.110000E-01
1.120000E-01
1.150000E-01
1.140000E-01
1.130000E-01
1.120000E-01
1.140000E-01
1.160000E-01
1.160000E-01
1.150000E-01
1.140000E-01
1.150000E-01
1.170000E-01
1.160000E-01
1.150000E-01
1.160000E-01
1.150000E-01
1.170000E-01
1.190000E-01
1.170000E-01
1.160000E-01
1.170000E-01
1.170000E-01
1.200000E-01
1.200000E-01
1.180000E-01
1.190000E-01
1.180000E-01
1.190000E-01
1.230000E-01
1.210000E-01
1.200000E-01
1.200000E-01
1.190000E-01
1.210000E-01
1.250000E-01
1.230000E-01
1.220000E-01
1.220000E-01
1.210000E-01
1.220000E-01
1.260000E-01
1.250000E-01
1.250000E-01
1.240000E-01
1.230000E-01
1.220000E-01
1.270000E-01
1.290000E-01
1.270000E-01
1.260000E-01
1.250000E-01
1.240000E-01
1.270000E-01
1.320000E-01
1.300000E-01
1.280000E-01
1.270000E-01
1.270000E-01
1.270000E-01
1.290000E-01
1.330000E-01
1.320000E-01
1.310000E-01
1.300000E-01
1.290000E-01
1.290000E-01
1.330000E-01
1.370000E-01
1.350000E-01
1.330000E-01
1.320000E-01
1.320000E-01
1.320000E-01
1.350000E-01
1.400000E-01
1.390000E-01
1.370000E-01
1.350000E-01
1.340000E-01
1.350000E-01
1.350000E-01
1.400000E-01
1.420000E-01
1.400000E-01
1.390000E-01
1.380000E-01
1.370000E-01
1.370000E-01
1.390000E-01
1.470000E-01
1.460000E-01
1.440000E-01
1.420000E-01
1.410000E-01
1.400000E-01
1.410000E-01
1.420000E-01
1.510000E-01
1.500000E-01
1.490000E-01
1.460000E-01
1.450000E-01
1.450000E-01
1.450000E-01
1.450000E-01
1.510000E-01
1.580000E-01
1.540000E-01
1.510000E-01
1.510000E-01
1.490000E-01
1.480000E-01
1.500000E-01
1.500000E-01
1.590000E-01
1.630000E-01
1.590000E-01
1.560000E-01
1.560000E-01
1.540000E-01
1.540000E-01
1.550000E-01
1.560000E-01
1.630000E-01
1.700000E-01
1.660000E-01
1.620000E-01
1.620000E-01
1.600000E-01
1.590000E-01
1.610000E-01
1.610000E-01
1.630000E-01
1.790000E-01
1.750000E-01
1.720000E-01
1.690000E-01
1.690000E-01
1.680000E-01
1.690000E-01
1.680000E-01
1.690000E-01
1.730000E-01
1.900000E-01
1.870000E-01
1.820000E-01
1.800000E-01
1.770000E-01
1.780000E-01
1.770000E-01
1.780000E-01
1.790000E-01
1.810000E-01
1.950000E-01
2.040000E-01
1.970000E-01
1.940000E-01
1.900000E-01
1.890000E-01
1.900000E-01
1.900000E-01
1.910000E-01
1.920000E-01
1.950000E-01
2.170000E-01
2.200000E-01
2.140000E-01
2.100000E-01
2.060000E-01
2.050000E-01
2.040000E-01
2.040000E-01
2.060000E-01
2.070000E-01
2.100000E-01
2.130000E-01
2.280000E-01
2.250000E-01
2.240000E-01
2.230000E-01
2.230000E-01
2.230000E-01
2.250000E-01
2.250000E-01
2.260000E-01
2.280000E-01
2.300000E-01
2.340000E-01
2.390000E-01
2.450000E-01
2.530000E-01
2.540000E-01
