3.020000E-01
3.020000E-01
3.020000E-01
3.020000E-01
3.020000E-01
3.020000E-01
3.020000E-01
3.020000E-01
3.020000E-01
3.020000E-01
3.020000E-01
3.020000E-01
3.020000E-01
3.020000E-01
3.020000E-01
3.020000E-01
3.020000E-01
3.020000E-01
3.020000E-01
3.020000E-01
3.020000E-01
3.020000E-01
3.020000E-01
3.020000E-01
3.020000E-01
3.020000E-01
3.020000E-01
3.020000E-01
3.020000E-01
3.020000E-01
3.020000E-01
3.020000E-01
3.020000E-01
3.020000E-01
3.020000E-01
3.020000E-01
3.020000E-01
3.020000E-01
3.020000E-01
3.020000E-01
3.020000E-01
3.020000E-01
3.020000E-01
3.020000E-01
3.020000E-01
3.020000E-01
3.020000E-01
3.020000E-01
3.020000E-01
3.020000E-01
3.020000E-01
3.020000E-01
3.020000E-01
3.020000E-01
3.020000E-01
3.020000E-01
3.020000E-01
3.020000E-01
3.020000E-01
3.020000E-01
3.020000E-01
3.020000E-01
3.020000E-01
3.020000E-01
3.020000E-01
3.020000E-01
3.020000E-01
3.020000E-01
3.020000E-01
3.020000E-01
3.020000E-01
3.010000E-01
3.020000E-01
3.020000E-01
3.020000E-01
2.940000E-01
3.020000E-01
2.960000E-01
2.970000E-01
2.910000E-01
2.900000E-01
2.840000E-01
2.870000E-01
2.810000E-01
2.860000E-01
2.940000E-01
2.810000E-01
2.810000E-01
2.750000E-01
2.730000E-01
2.640000E-01
2.720000E-01
2.710000E-01
2.750000E-01
2.720000E-01
2.660000E-01
2.690000E-01
2.620000E-01
2.540000E-01
2.620000E-01
2.670000E-01
2.640000E-01
2.610000E-01
2.550000E-01
2.580000E-01
2.530000E-01
2.470000E-01
2.610000E-01
2.600000E-01
2.600000E-01
2.490000E-01
2.430000E-01
2.460000E-01
2.440000E-01
2.500000E-01
2.550000E-01
2.510000E-01
2.510000E-01
2.470000E-01
2.390000E-01
2.390000E-01
2.470000E-01
2.480000E-01
2.460000E-01
2.450000E-01
2.360000E-01
2.330000E-01
2.410000E-01
2.420000E-01
2.390000E-01
2.400000E-01
2.410000E-01
2.340000E-01
2.300000E-01
2.440000E-01
2.410000E-01
2.420000E-01
2.320000E-01
2.320000E-01
2.320000E-01
2.410000E-01
2.360000E-01
2.330000E-01
2.310000E-01
2.260000E-01
2.250000E-01
2.330000E-01
2.400000E-01
2.350000E-01
2.230000E-01
2.190000E-01
2.290000E-01
2.350000E-01
2.290000E-01
2.270000E-01
2.270000E-01
2.190000E-01
2.270000E-01
2.360000E-01
2.340000E-01
2.240000E-01
2.210000E-01
2.240000E-01
2.360000E-01
2.280000E-01
2.240000E-01
2.200000E-01
2.200000E-01
2.260000E-01
2.290000E-01
2.240000E-01
2.240000E-01
2.170000E-01
2.210000E-01
2.290000E-01
2.280000E-01
2.250000E-01
2.180000E-01
2.190000E-01
2.280000E-01
2.280000E-01
2.190000E-01
2.190000E-01
2.180000E-01
2.250000E-01
2.250000E-01
2.160000E-01
2.170000E-01
2.210000E-01
2.280000E-01
2.200000E-01
2.110000E-01
2.150000E-01
2.250000E-01
2.240000E-01
2.230000E-01
2.110000E-01
2.140000E-01
2.240000E-01
2.240000E-01
2.170000E-01
2.110000E-01
2.240000E-01
2.220000E-01
2.170000E-01
2.140000E-01
2.160000E-01
2.220000E-01
2.200000E-01
2.150000E-01
2.100000E-01
2.260000E-01
2.280000E-01
2.260000E-01
2.230000E-01
2.320000E-01
2.270000E-01
2.280000E-01
2.230000E-01
2.250000E-01
2.260000E-01
2.250000E-01
2.190000E-01
2.410000E-01
2.390000E-01
2.370000E-01
2.280000E-01
2.380000E-01
2.370000E-01
2.370000E-01
2.310000E-01
2.390000E-01
2.420000E-01
2.320000E-01
2.310000E-01
2.410000E-01
2.320000E-01
2.340000E-01
2.320000E-01
2.410000E-01
2.310000E-01
2.300000E-01
2.330000E-01
2.300000E-01
2.460000E-01
2.430000E-01
2.440000E-01
2.450000E-01
2.410000E-01
2.450000E-01
2.390000E-01
2.460000E-01
2.360000E-01
2.480000E-01
2.440000E-01
2.390000E-01
2.410000E-01
2.430000E-01
2.380000E-01
2.390000E-01
2.460000E-01
2.430000E-01
2.360000E-01
2.430000E-01
2.420000E-01
2.460000E-01
2.540000E-01
2.550000E-01
2.470000E-01
2.490000E-01
2.520000E-01
2.480000E-01
2.500000E-01
2.520000E-01
2.520000E-01
2.460000E-01
2.460000E-01
2.460000E-01
2.440000E-01
2.540000E-01
2.490000E-01
2.450000E-01
2.500000E-01
2.430000E-01
2.420000E-01
2.670000E-01
2.570000E-01
2.560000E-01
2.590000E-01
2.560000E-01
2.560000E-01
2.630000E-01
2.550000E-01
2.560000E-01
2.560000E-01
2.510000E-01
2.580000E-01
2.520000E-01
2.550000E-01
2.520000E-01
2.550000E-01
2.550000E-01
2.580000E-01
2.510000E-01
2.630000E-01
2.640000E-01
2.620000E-01
2.650000E-01
2.660000E-01
2.610000E-01
2.690000E-01
2.670000E-01
2.650000E-01
2.590000E-01
2.570000E-01
2.630000E-01
2.640000E-01
2.620000E-01
2.590000E-01
2.620000E-01
2.600000E-01
2.600000E-01
2.610000E-01
2.680000E-01
2.710000E-01
2.710000E-01
2.660000E-01
2.780000E-01
2.710000E-01
2.750000E-01
2.660000E-01
2.720000E-01
2.710000E-01
2.680000E-01
2.750000E-01
2.630000E-01
2.700000E-01
2.720000E-01
2.700000E-01
2.670000E-01
2.700000E-01
2.740000E-01
2.800000E-01
2.850000E-01
2.740000E-01
2.860000E-01
2.810000E-01
2.840000E-01
2.850000E-01
2.780000E-01
2.860000E-01
2.840000E-01
2.780000E-01
2.800000E-01
2.820000E-01
2.760000E-01
2.800000E-01
2.780000E-01
2.820000E-01
2.820000E-01
2.880000E-01
2.870000E-01
2.960000E-01
2.890000E-01
2.940000E-01
2.940000E-01
2.940000E-01
2.920000E-01
2.900000E-01
2.890000E-01
2.900000E-01
2.860000E-01
2.860000E-01
2.960000E-01
2.810000E-01
2.860000E-01
2.900000E-01
3.000000E-01
3.010000E-01
2.920000E-01
3.000000E-01
2.990000E-01
3.020000E-01
2.920000E-01
2.990000E-01
2.960000E-01
3.020000E-01
3.020000E-01
2.920000E-01
3.010000E-01
2.930000E-01
3.020000E-01
2.940000E-01
2.890000E-01
2.970000E-01
3.020000E-01
3.020000E-01
3.020000E-01
3.020000E-01
3.020000E-01
3.020000E-01
3.020000E-01
2.990000E-01
3.020000E-01
3.020000E-01
3.020000E-01
3.020000E-01
3.020000E-01
3.020000E-01
3.020000E-01
3.020000E-01
3.020000E-01
3.020000E-01
3.020000E-01
3.020000E-01
3.020000E-01
3.020000E-01
3.020000E-01
3.020000E-01
3.020000E-01
3.020000E-01
3.020000E-01
3.020000E-01
3.020000E-01
3.020000E-01
3.020000E-01
3.020000E-01
3.020000E-01
3.020000E-01
3.020000E-01
3.020000E-01
3.020000E-01
3.020000E-01
3.020000E-01
3.020000E-01
3.020000E-01
3.020000E-01
3.020000E-01
3.020000E-01
3.020000E-01
3.020000E-01
3.020000E-01
3.020000E-01
3.020000E-01
3.020000E-01
3.020000E-01
3.020000E-01
3.020000E-01
3.020000E-01
3.020000E-01
3.020000E-01
3.020000E-01
3.020000E-01
3.020000E-01
3.020000E-01
3.020000E-01
3.020000E-01
3.020000E-01
3.020000E-01
3.020000E-01
3.020000E-01
3.020000E-01
3.020000E-01
3.020000E-01
3.020000E-01
3.020000E-01
3.020000E-01
3.020000E-01
3.020000E-01
3.020000E-01
3.020000E-01
3.020000E-01
3.020000E-01
3.020000E-01
3.020000E-01
3.020000E-01
3.020000E-01
3.020000E-01
3.020000E-01
3.020000E-01
3.020000E-01
3.020000E-01
3.020000E-01
3.020000E-01
3.020000E-01
3.020000E-01
3.020000E-01
3.020000E-01
3.020000E-01
3.020000E-01
3.020000E-01
3.020000E-01
3.020000E-01
3.020000E-01
3.020000E-01
3.020000E-01
3.020000E-01
3.020000E-01
3.020000E-01
3.020000E-01
3.020000E-01
3.020000E-01
3.020000E-01
3.020000E-01
3.020000E-01
3.020000E-01
3.020000E-01
3.020000E-01
3.020000E-01
3.020000E-01
3.020000E-01
3.020000E-01
3.020000E-01
3.020000E-01
3.020000E-01
3.020000E-01
3.020000E-01
3.020000E-01
3.020000E-01
3.020000E-01
3.020000E-01
3.020000E-01
3.020000E-01
3.020000E-01
3.020000E-01
3.020000E-01
3.020000E-01
3.020000E-01
3.020000E-01
3.020000E-01
3.020000E-01
3.020000E-01
3.020000E-01
3.020000E-01
3.020000E-01
3.020000E-01
3.020000E-01
3.020000E-01
3.020000E-01
3.020000E-01
3.020000E-01
3.020000E-01
3.020000E-01
3.020000E-01
3.020000E-01
3.020000E-01
3.020000E-01
3.020000E-01
3.020000E-01
3.020000E-01
3.020000E-01
3.020000E-01
3.020000E-01
3.020000E-01
3.020000E-01
3.020000E-01
3.020000E-01
3.020000E-01
3.020000E-01
3.020000E-01
3.020000E-01
3.020000E-01
3.020000E-01
3.020000E-01
3.020000E-01
3.020000E-01
3.020000E-01
3.020000E-01
3.020000E-01
3.020000E-01
3.020000E-01
3.020000E-01
3.020000E-01
3.020000E-01
3.020000E-01
3.020000E-01
3.020000E-01
3.020000E-01
3.020000E-01
3.020000E-01
3.020000E-01
3.020000E-01
3.020000E-01
3.020000E-01
3.020000E-01
3.020000E-01
3.020000E-01
3.020000E-01
3.020000E-01
3.020000E-01
3.020000E-01
3.020000E-01
3.020000E-01
3.020000E-01
3.020000E-01
3.020000E-01
3.020000E-01
3.020000E-01
3.020000E-01
3.020000E-01
3.020000E-01
3.020000E-01
3.020000E-01
3.020000E-01
3.020000E-01
3.020000E-01
3.020000E-01
3.020000E-01
3.020000E-01
3.020000E-01
3.020000E-01
3.020000E-01
3.020000E-01
3.020000E-01
3.020000E-01
3.020000E-01
3.020000E-01
3.020000E-01
3.020000E-01
3.020000E-01
3.020000E-01
3.020000E-01
3.020000E-01
3.020000E-01
3.020000E-01
3.020000E-01
3.020000E-01
3.020000E-01
3.020000E-01
3.020000E-01
3.020000E-01
3.020000E-01
3.020000E-01
3.020000E-01
3.020000E-01
3.020000E-01
3.020000E-01
3.020000E-01
3.020000E-01
3.020000E-01
3.020000E-01
3.020000E-01
3.020000E-01
3.020000E-01
3.020000E-01
3.020000E-01
3.020000E-01
3.020000E-01
3.020000E-01
3.020000E-01
3.020000E-01
3.020000E-01
3.020000E-01
3.020000E-01
3.020000E-01
3.020000E-01
3.020000E-01
3.020000E-01
3.020000E-01
3.020000E-01
3.020000E-01
3.020000E-01
3.020000E-01
3.020000E-01
3.020000E-01
3.020000E-01
3.020000E-01
3.020000E-01
3.020000E-01
3.020000E-01
3.020000E-01
3.020000E-01
3.020000E-01
3.020000E-01
3.020000E-01
3.020000E-01
3.020000E-01
3.020000E-01
3.020000E-01
3.020000E-01
3.020000E-01
3.020000E-01
3.020000E-01
3.020000E-01
3.020000E-01
3.020000E-01
3.020000E-01
3.020000E-01
3.020000E-01
3.020000E-01
3.020000E-01
3.020000E-01
3.020000E-01
3.020000E-01
3.020000E-01
3.020000E-01
3.020000E-01
3.020000E-01
3.020000E-01
3.020000E-01
3.020000E-01
3.020000E-01
3.020000E-01
3.020000E-01
3.020000E-01
3.020000E-01
3.020000E-01
3.020000E-01
3.020000E-01
3.020000E-01
3.020000E-01
3.020000E-01
3.020000E-01
3.020000E-01
3.020000E-01
3.020000E-01
3.020000E-01
3.020000E-01
3.020000E-01
3.020000E-01
3.020000E-01
3.020000E-01
3.020000E-01
3.020000E-01
3.020000E-01
3.020000E-01
3.020000E-01
3.020000E-01
3.020000E-01
3.020000E-01
3.020000E-01
3.020000E-01
3.020000E-01
3.020000E-01
3.020000E-01
3.020000E-01
3.020000E-01
3.020000E-01
3.020000E-01
3.020000E-01
3.020000E-01
3.020000E-01
3.020000E-01
3.020000E-01
3.020000E-01
3.020000E-01
3.020000E-01
3.020000E-01
3.020000E-01
3.020000E-01
3.020000E-01
3.020000E-01
3.020000E-01
3.020000E-01
3.020000E-01
3.020000E-01
3.020000E-01
3.020000E-01
3.020000E-01
3.020000E-01
3.020000E-01
3.020000E-01
3.020000E-01
3.020000E-01
3.020000E-01
3.020000E-01
3.020000E-01
3.020000E-01
3.020000E-01
3.020000E-01
3.020000E-01
3.020000E-01
3.020000E-01
3.020000E-01
3.020000E-01
3.020000E-01
3.020000E-01
3.020000E-01
3.020000E-01
3.020000E-01
3.020000E-01
3.020000E-01
3.020000E-01
3.020000E-01
3.020000E-01
3.020000E-01
3.020000E-01
3.020000E-01
3.020000E-01
3.020000E-01
3.020000E-01
3.020000E-01
3.020000E-01
3.020000E-01
3.020000E-01
3.020000E-01
3.020000E-01
3.020000E-01
3.020000E-01
3.020000E-01
3.020000E-01
3.020000E-01
3.020000E-01
3.020000E-01
3.020000E-01
3.020000E-01
3.020000E-01
3.020000E-01
3.020000E-01
3.020000E-01
3.020000E-01
3.020000E-01
3.020000E-01
3.020000E-01
3.020000E-01
3.020000E-01
3.020000E-01
3.020000E-01
3.020000E-01
3.020000E-01
3.020000E-01
3.020000E-01
3.020000E-01
3.020000E-01
3.020000E-01
3.020000E-01
3.020000E-01
3.020000E-01
3.020000E-01
3.020000E-01
3.020000E-01
3.020000E-01
3.020000E-01
3.020000E-01
3.020000E-01
3.020000E-01
3.020000E-01
3.020000E-01
3.020000E-01
3.020000E-01
3.020000E-01
3.020000E-01
3.020000E-01
3.020000E-01
3.020000E-01
3.020000E-01
3.020000E-01
3.020000E-01
3.020000E-01
3.020000E-01
3.020000E-01
3.020000E-01
3.020000E-01
3.020000E-01
3.020000E-01
3.020000E-01
3.020000E-01
3.020000E-01
3.020000E-01
3.020000E-01
3.020000E-01
3.020000E-01
3.020000E-01
3.020000E-01
3.020000E-01
3.020000E-01
3.020000E-01
3.020000E-01
3.020000E-01
3.020000E-01
3.020000E-01
3.020000E-01
3.020000E-01
3.020000E-01
3.020000E-01
3.020000E-01
3.020000E-01
3.020000E-01
3.020000E-01
3.020000E-01
3.020000E-01
3.020000E-01
3.020000E-01
3.020000E-01
3.020000E-01
3.020000E-01
3.020000E-01
3.020000E-01
3.020000E-01
3.020000E-01
3.020000E-01
3.020000E-01
3.020000E-01
3.020000E-01
3.020000E-01
3.020000E-01
3.020000E-01
3.020000E-01
3.020000E-01
3.020000E-01
3.020000E-01
3.020000E-01
3.020000E-01
3.020000E-01
3.020000E-01
3.020000E-01
3.020000E-01
3.020000E-01
3.020000E-01
3.020000E-01
3.020000E-01
3.020000E-01
3.020000E-01
3.020000E-01
3.020000E-01
3.020000E-01
3.020000E-01
3.020000E-01
3.020000E-01
3.020000E-01
3.020000E-01
3.020000E-01
3.020000E-01
3.020000E-01
3.020000E-01
3.020000E-01
3.020000E-01
3.020000E-01
3.020000E-01
3.020000E-01
3.020000E-01
3.020000E-01
3.020000E-01
3.020000E-01
3.020000E-01
3.020000E-01
3.020000E-01
3.020000E-01
3.020000E-01
3.020000E-01
3.020000E-01
3.020000E-01
3.020000E-01
3.020000E-01
3.020000E-01
3.020000E-01
3.020000E-01
3.020000E-01
3.020000E-01
3.020000E-01
3.020000E-01
3.020000E-01
3.020000E-01
3.020000E-01
3.020000E-01
3.020000E-01
3.020000E-01
3.020000E-01
3.020000E-01
3.020000E-01
3.020000E-01
3.020000E-01
3.020000E-01
3.020000E-01
3.020000E-01
3.020000E-01
3.020000E-01
3.020000E-01
3.020000E-01
3.020000E-01
3.020000E-01
3.020000E-01
3.020000E-01
3.020000E-01
3.020000E-01
3.020000E-01
3.020000E-01
3.020000E-01
3.020000E-01
3.020000E-01
3.020000E-01
3.020000E-01
3.020000E-01
3.020000E-01
3.020000E-01
3.020000E-01
3.020000E-01
3.020000E-01
3.020000E-01
3.020000E-01
3.020000E-01
3.020000E-01
3.020000E-01
3.020000E-01
3.020000E-01
3.020000E-01
3.020000E-01
3.020000E-01
3.020000E-01
3.020000E-01
3.020000E-01
